0 31 1 0 1 0
1 27 1 0 1 1
2 9 1 1 1 1
3 17 1 1 1 1
4 30 1 0 1 0
5 5 1 1 0 1
6 18 1 1 1 0
7 16 1 1 1 1
8 29 1 0 1 0
9 0 0 1 0 1
10 7 1 1 0 1
11 4 0 1 1 1
12 11 1 1 0 1
13 22 1 0 1 1
14 24 1 1 1 1
15 18 0 1 1 1
16 15 1 1 0 1
17 6 1 1 0 1
18 9 0 1 1 1
19 25 1 0 0 1
20 5 0 1 0 1
21 28 1 0 1 1
22 16 1 1 1 1
23 11 1 1 1 1
24 31 1 0 1 0
25 8 1 1 1 1
26 10 0 1 1 1
27 4 0 1 1 1
28 2 1 1 0 1
29 5 0 1 1 1
30 24 1 0 1 0
31 31 1 0 1 0
32 25 1 1 1 1
33 1 0 1 1 1
34 13 1 1 1 1
35 30 1 1 1 0
36 10 1 1 1 1
37 21 1 0 1 1
38 24 1 1 1 1
39 4 1 1 0 1
40 17 1 1 1 1
41 2 0 1 1 1
42 15 1 1 1 1
43 0 0 1 0 1
44 23 1 0 1 1
45 6 1 1 0 1
46 4 0 1 0 1
47 21 1 1 1 1
48 12 1 1 1 1
49 20 1 1 1 1
50 1 1 1 0 1
51 24 1 0 1 1
52 30 1 0 1 1
53 31 1 0 1 0
54 0 0 1 0 1
55 4 0 1 0 1
56 12 1 1 1 1
57 9 1 1 1 1
58 1 0 1 0 1
59 31 1 0 1 1
60 29 1 0 1 1
61 3 0 1 0 1
62 5 0 1 0 1
63 27 1 1 1 1
64 0 0 1 0 1
65 21 1 1 1 1
66 15 1 1 1 1
67 28 1 0 1 0
68 7 1 1 0 1
69 22 1 1 1 0
70 18 1 1 0 1
71 3 0 1 0 1
72 31 1 0 1 0
73 5 1 1 1 1
74 13 1 1 1 1
75 7 0 1 1 1
76 14 1 1 1 1
77 23 1 1 1 1
78 8 1 1 1 1
79 10 1 1 1 0
80 15 1 1 1 1
81 28 1 1 1 0
82 17 1 1 1 1
83 4 1 1 1 1
84 1 0 1 0 1
85 11 1 1 1 1
86 6 0 1 0 1
87 23 1 0 1 1
88 13 1 1 1 1
89 24 1 0 1 0
90 15 1 1 1 1
91 25 1 1 1 0
92 1 0 1 0 1
93 27 1 1 1 0
94 7 1 1 1 1
95 9 1 1 1 1
96 23 1 1 1 1
97 29 1 1 1 1
98 27 1 0 1 0
99 15 1 1 1 1
100 8 0 1 0 1
101 2 1 1 1 1
102 0 0 1 0 1
103 18 1 1 0 1
104 4 0 1 1 1
105 19 1 1 1 1
106 12 1 1 1 1
107 22 1 0 1 0
108 5 1 1 1 1
109 15 1 1 1 1
110 13 1 1 1 1
111 28 1 0 1 0
112 14 1 1 1 1
113 31 1 0 1 0
114 7 1 1 1 1
115 16 1 1 1 1
116 19 1 1 1 1
117 30 1 0 1 0
118 18 1 1 1 1
119 28 1 0 1 0
120 26 1 1 1 1
121 6 0 1 1 1
122 24 1 0 1 1
123 4 1 1 0 1
124 0 0 1 0 1
125 9 1 1 1 1
126 22 1 1 1 0
127 27 1 1 1 1
128 16 1 1 1 1
129 18 1 1 1 0
130 30 1 0 1 0
131 11 1 1 0 1
132 1 0 1 0 1
133 6 1 1 0 1
134 23 1 1 0 1
135 0 0 1 1 1
136 19 1 1 1 0
137 30 1 1 1 1
138 12 1 1 1 1
139 27 1 0 1 0
140 4 1 1 0 1
141 22 1 1 1 1
142 10 1 0 1 1
143 20 1 0 1 1
144 0 0 1 0 1
145 8 1 1 1 1
146 9 1 1 1 1
147 4 0 1 1 1
148 3 0 1 0 1
149 6 0 1 0 1
150 29 1 0 1 0
151 7 0 1 0 1
152 27 1 0 1 0
153 10 1 1 0 1
154 28 1 0 1 0
155 13 1 1 1 1
156 22 1 0 1 1
157 16 1 1 1 1
158 6 1 1 0 1
159 14 1 1 1 1
160 2 1 1 0 1
161 23 1 0 1 0
162 27 1 1 1 1
163 18 1 1 1 1
164 4 0 1 0 1
165 16 1 1 1 1
166 13 1 0 1 1
167 11 1 1 0 1
168 19 1 1 1 0
169 30 1 0 1 1
170 21 1 1 1 1
171 8 1 1 1 1
172 0 0 1 0 1
173 20 1 1 1 1
174 2 0 1 0 1
175 5 1 1 1 1
176 25 1 1 1 1
177 7 1 1 1 1
178 1 0 1 1 1
179 28 1 0 1 0
180 4 1 1 1 1
181 6 1 1 1 1
182 10 1 1 1 1
183 21 1 1 1 1
184 11 1 1 1 1
185 31 1 0 1 0
186 29 1 1 1 0
187 27 1 1 1 1
188 20 1 1 1 1
189 28 1 1 1 1
190 22 1 1 1 0
191 8 1 1 1 1
192 14 1 1 0 1
193 24 1 0 1 0
194 1 1 1 0 1
195 23 1 0 1 1
196 7 1 1 1 1
197 30 1 0 1 0
198 21 1 1 1 0
199 5 1 1 0 1
200 0 0 1 0 1
201 29 1 0 1 0
202 18 1 1 1 1
203 15 1 1 1 0
204 7 0 1 0 1
205 27 1 0 1 0
206 17 1 0 1 1
207 0 0 1 0 1
208 31 1 0 1 0
209 9 0 1 1 1
210 6 0 1 1 1
211 25 1 0 1 0
212 13 1 1 1 1
213 12 1 1 1 1
214 0 0 1 0 1
215 14 1 0 0 1
216 2 0 1 0 1
217 8 1 1 0 1
218 9 1 1 0 1
219 23 1 0 1 1
220 26 1 1 1 0
221 17 1 1 1 1
222 4 1 1 0 1
223 14 1 1 1 1
224 0 0 1 1 1
225 15 1 1 1 1
226 27 1 1 1 0
227 5 1 1 1 1
228 30 1 1 1 1
229 4 0 1 1 1
230 13 0 1 0 1
231 9 1 1 1 1
232 29 1 1 1 0
233 15 1 1 1 1
234 17 0 1 1 1
235 1 0 1 0 1
236 22 1 0 1 0
237 20 1 1 1 1
238 23 1 0 1 1
239 25 1 0 1 1
240 18 1 1 1 1
241 12 1 1 1 1
242 31 1 0 1 0
243 1 0 1 1 1
244 15 1 1 1 1
245 9 1 1 0 1
246 14 1 1 1 1
247 3 1 1 0 1
248 0 0 1 0 1
249 31 1 0 1 0
250 11 1 1 1 1
251 18 1 1 1 1
252 6 1 1 0 1
253 2 0 1 1 1
254 24 1 1 1 1
255 10 1 1 1 1
256 12 1 1 1 0
257 15 1 1 1 1
258 13 1 1 1 1
259 2 0 1 0 1
260 9 1 1 0 1
261 27 1 1 1 1
262 22 1 1 1 1
263 1 0 1 0 1
264 20 1 1 1 1
265 15 1 1 1 1
266 8 1 1 1 1
267 29 1 0 1 1
268 4 0 1 1 1
269 23 1 1 1 1
270 19 1 1 1 1
271 25 1 0 1 1
272 31 1 0 0 1
273 28 1 0 1 1
274 7 0 1 1 1
275 29 1 1 1 0
276 16 1 1 1 1
277 6 0 1 0 1
278 18 1 1 1 1
279 3 1 0 1 1
280 10 1 1 1 1
281 27 1 0 1 1
282 9 1 1 0 1
283 25 1 1 1 0
284 12 1 1 1 1
285 14 1 1 1 1
286 30 1 0 1 0
287 19 1 1 1 1
288 26 1 0 1 0
289 4 0 1 1 1
290 13 1 1 1 1
291 21 1 0 1 1
292 24 1 0 1 1
293 22 1 1 1 1
294 31 1 0 1 0
295 11 1 1 1 1
296 19 1 1 1 1
297 9 1 1 1 1
298 10 1 1 1 1
299 12 0 1 1 1
300 18 1 1 1 1
301 27 1 0 1 0
302 28 1 0 1 1
303 23 1 1 1 0
304 22 1 0 1 1
305 25 1 0 1 1
306 4 1 1 1 1
307 16 1 1 1 1
308 6 0 1 1 1
309 30 1 1 1 0
310 31 1 0 1 0
311 3 1 1 0 1
312 24 1 1 1 1
313 5 1 1 1 1
314 6 1 1 0 1
315 1 0 1 1 1
316 29 1 0 1 0
317 3 0 1 0 1
318 15 1 1 1 1
319 30 1 0 1 0
320 26 1 1 1 1
321 5 0 1 0 1
322 31 1 0 1 0
323 7 0 1 1 1
324 20 1 1 1 1
325 27 1 0 1 0
326 14 1 1 1 1
327 30 1 0 1 0
328 3 0 1 0 1
329 0 0 1 0 1
330 2 1 1 0 1
331 11 1 1 1 1
332 18 1 1 1 0
333 8 0 1 1 1
334 31 1 0 1 0
335 30 1 0 1 0
336 1 0 1 1 1
337 24 1 0 1 1
338 27 1 0 1 1
339 5 1 1 1 1
340 28 1 1 1 1
341 25 1 1 1 1
342 21 1 1 1 1
343 26 1 0 1 1
344 12 1 1 1 0
345 31 1 0 1 1
346 30 1 0 1 1
347 23 1 1 1 1
348 19 1 0 1 1
349 0 0 1 0 1
350 9 1 1 1 1
351 31 1 0 1 0
352 24 1 1 1 1
353 13 1 1 1 1
354 14 1 1 1 1
355 5 0 1 0 1
356 17 1 1 1 1
357 28 1 0 1 0
358 2 0 1 0 1
359 23 1 1 1 0
360 10 1 1 1 1
361 1 0 1 0 1
362 5 0 1 1 1
363 11 1 1 1 1
364 31 1 0 1 0
365 16 1 1 1 1
366 17 1 1 1 1
367 23 1 0 1 0
368 28 1 0 1 1
369 4 0 1 0 1
370 12 1 1 1 1
371 24 1 1 1 1
372 0 0 1 0 1
373 9 0 1 0 1
374 31 1 0 1 0
375 15 1 1 1 1
376 4 0 1 0 1
377 26 1 1 1 0
378 10 1 1 0 1
379 30 1 0 1 0
380 21 1 0 1 1
381 20 1 1 1 1
382 25 1 0 1 1
383 4 1 1 0 1
384 18 1 1 1 1
385 29 1 0 1 0
386 9 1 1 0 1
387 11 1 1 1 1
388 7 1 1 1 1
389 15 1 1 1 1
390 28 1 0 1 1
391 4 0 1 0 1
392 20 1 1 1 1
393 22 1 1 1 1
394 23 1 0 1 1
395 14 1 1 1 1
396 10 1 1 0 1
397 21 1 1 1 1
398 6 0 1 1 1
399 8 1 1 1 1
400 13 1 1 1 1
401 31 1 0 1 0
402 24 1 1 1 0
403 26 1 0 1 1
404 5 0 1 0 1
405 17 1 1 0 1
406 3 0 1 0 1
407 14 1 1 1 1
408 22 1 1 1 1
409 19 1 1 1 1
410 12 0 1 1 1
411 0 0 1 0 1
412 5 0 1 1 1
413 20 1 1 1 0
414 31 1 0 1 1
415 9 1 1 1 1
416 3 1 1 1 1
417 6 1 1 0 1
418 14 1 1 1 1
419 11 1 1 1 1
420 1 0 1 0 1
421 24 1 1 1 0
422 30 1 0 1 0
423 19 1 1 1 0
424 25 1 0 1 1
425 12 1 1 1 0
426 4 0 1 0 1
427 9 1 1 0 1
428 6 0 1 1 1
429 29 1 0 1 0
430 18 1 1 1 1
431 31 1 0 1 1
432 13 1 1 1 1
433 5 1 1 1 1
434 19 1 1 1 1
435 0 0 1 0 1
436 14 1 1 1 1
437 23 1 1 1 1
438 25 1 1 1 1
439 29 1 0 1 0
440 4 0 1 1 1
441 31 1 0 1 0
442 20 1 1 1 1
443 12 1 1 1 1
444 11 1 1 1 1
445 8 1 1 1 1
446 0 0 1 1 1
447 22 1 0 1 1
448 29 1 1 1 0
449 20 1 1 1 1
450 16 1 1 1 1
451 6 0 1 1 1
452 18 1 1 1 0
453 11 1 1 0 1
454 23 1 1 1 1
455 7 1 1 1 1
456 31 1 0 1 0
457 25 1 1 1 1
458 26 1 1 1 0
459 12 1 1 1 1
460 21 1 1 1 0
461 5 1 1 1 1
462 0 0 1 0 1
463 17 1 1 1 1
464 16 1 1 1 1
465 19 1 1 1 0
466 28 1 0 1 0
467 9 0 1 1 1
468 20 1 1 1 0
469 0 0 1 0 1
470 24 1 0 1 1
471 29 1 0 1 0
472 4 1 1 1 1
473 1 0 1 1 1
474 14 1 1 1 1
475 23 1 1 1 1
476 13 1 1 1 0
477 8 0 1 1 1
478 19 1 1 1 1
479 31 1 0 1 0
480 10 1 1 1 1
481 30 1 1 1 1
482 12 1 1 1 1
483 0 0 1 0 1
484 15 1 1 1 1
485 3 1 1 0 1
486 21 1 1 0 1
487 17 1 1 1 1
488 19 1 1 1 1
489 1 0 1 0 1
490 5 1 1 1 1
491 25 1 1 1 0
492 3 0 1 0 1
493 28 1 0 1 1
494 7 1 1 1 1
495 16 1 1 1 1
496 10 0 1 1 1
497 21 1 1 1 1
498 31 1 1 1 1
499 29 1 1 1 0
500 23 1 0 1 1
501 3 0 1 0 1
502 28 1 0 1 0
503 13 1 1 0 1
504 11 1 1 1 1
505 19 1 1 1 1
506 10 1 1 1 1
507 9 1 1 1 1
508 26 1 1 1 0
509 22 1 0 1 0
510 28 1 0 1 1
511 8 0 1 1 1
512 5 1 1 1 1
513 11 0 1 1 1
514 13 1 1 0 1
515 16 1 1 1 0
516 4 0 1 1 1
517 6 1 1 1 1
518 24 1 0 1 0
519 21 1 1 1 0
520 19 1 1 1 0
521 17 1 1 1 1
522 20 1 1 1 1
523 29 1 0 1 0
524 9 1 1 1 1
525 0 0 1 1 1
526 14 1 1 1 1
527 5 0 1 1 1
528 25 1 1 1 1
529 28 1 0 1 1
530 1 0 1 0 1
531 17 1 1 1 1
532 15 1 1 1 1
533 21 1 1 1 1
534 20 1 1 1 1
535 13 1 1 1 1
536 14 1 1 1 1
537 5 1 1 0 1
538 12 1 1 1 1
539 31 1 0 1 0
540 11 1 1 1 1
541 4 1 1 0 1
542 29 1 0 1 0
543 6 0 1 0 1
544 5 0 1 1 1
545 21 1 0 1 1
546 22 1 0 1 1
547 15 1 1 1 1
548 24 1 1 1 1
549 28 1 1 0 1
550 8 1 1 0 1
551 26 1 0 1 0
552 19 1 1 1 0
553 23 1 0 1 1
554 7 0 1 1 1
555 14 1 1 1 1
556 31 1 0 1 0
557 0 1 1 1 1
558 4 0 1 0 1
559 21 1 1 1 0
560 29 1 0 1 0
561 1 1 1 1 1
562 2 1 1 0 1
563 18 1 1 1 1
564 10 1 1 1 0
565 0 0 1 0 1
566 19 1 1 1 1
567 13 1 1 1 1
568 27 1 0 1 1
569 11 1 1 1 1
570 25 1 1 1 0
571 20 1 1 1 0
572 30 1 1 1 0
573 5 1 1 1 1
574 1 0 1 0 1
575 22 1 0 1 0
576 7 1 1 1 1
577 13 1 1 1 1
578 10 1 1 1 1
579 9 0 1 1 1
580 31 1 0 1 0
581 28 1 1 1 1
582 1 0 1 0 1
583 14 0 1 1 1
584 12 1 1 1 1
585 15 1 1 1 1
586 19 1 1 1 1
587 3 0 1 0 1
588 20 1 1 1 1
589 30 1 0 1 0
590 25 1 1 1 1
591 16 1 1 1 1
592 14 1 1 1 1
593 4 1 1 0 1
594 23 1 1 1 0
595 27 1 1 1 1
596 19 1 1 1 1
597 28 1 0 1 0
598 11 1 1 1 1
599 21 1 1 1 1
600 2 0 1 1 1
601 18 1 1 1 1
602 8 1 1 0 1
603 6 1 1 1 1
604 17 1 1 1 1
605 10 0 1 1 1
606 16 1 1 1 1
607 0 0 1 0 1
608 11 1 1 0 1
609 29 1 0 1 0
610 3 0 1 0 1
611 28 1 0 1 1
612 19 1 1 1 1
613 18 1 1 1 1
614 10 1 1 1 1
615 0 0 1 0 1
616 21 1 1 1 1
617 5 1 1 0 1
618 4 1 1 0 1
619 1 0 1 0 1
620 31 1 0 1 0
621 2 0 1 0 1
622 28 1 0 1 0
623 17 1 1 1 1
624 12 1 1 1 1
625 14 1 1 1 1
626 19 1 1 1 0
627 2 1 1 0 1
628 22 1 1 1 1
629 8 1 1 1 1
630 28 1 1 1 1
631 24 1 1 1 0
632 11 1 1 0 1
633 16 1 1 0 1
634 20 1 1 1 1
635 26 1 1 1 1
636 2 0 1 0 1
637 3 1 1 0 1
638 31 1 0 1 1
639 17 1 1 1 1
640 15 1 1 1 1
641 19 1 1 1 1
642 18 1 1 1 1
643 23 1 0 1 1
644 0 0 1 0 1
645 5 0 1 0 1
646 13 1 1 0 1
647 6 0 1 0 1
648 22 1 0 1 1
649 3 0 1 0 1
650 21 1 1 1 1
651 9 1 1 1 1
652 5 1 1 1 1
653 14 1 1 1 1
654 17 1 0 1 0
655 6 1 1 0 1
656 16 1 1 1 1
657 15 1 1 1 1
658 25 1 0 1 1
659 20 1 1 1 1
660 13 1 1 1 1
661 17 1 1 1 1
662 23 1 1 1 1
663 7 1 1 1 1
664 21 1 1 1 0
665 1 0 1 1 1
666 18 1 0 1 1
667 8 0 1 1 1
668 0 0 1 1 1
669 6 0 1 0 1
670 20 1 1 1 1
671 11 1 1 1 1
672 5 1 0 1 1
673 2 0 1 0 1
674 15 1 1 0 1
675 3 0 1 0 1
676 31 1 0 1 0
677 19 1 1 0 1
678 25 1 1 1 0
679 12 1 1 1 1
680 22 1 1 1 1
681 5 0 1 0 1
682 26 1 0 1 0
683 11 1 1 1 1
684 13 1 1 1 1
685 0 0 1 0 1
686 19 1 1 1 1
687 28 1 1 1 1
688 5 0 1 1 1
689 26 1 0 1 0
690 21 1 1 1 1
691 12 1 1 0 1
692 13 1 1 1 1
693 10 1 1 1 1
694 23 1 1 1 1
695 1 0 1 1 1
696 15 0 1 1 1
697 9 1 1 1 1
698 28 1 0 1 0
699 11 1 1 1 1
700 6 0 1 1 1
701 14 1 1 1 1
702 18 1 1 1 1
703 17 1 1 1 1
704 21 1 1 1 1
705 5 0 1 1 1
706 1 0 1 1 1
707 25 1 1 1 0
708 15 1 1 1 1
709 14 1 1 1 1
710 10 1 1 0 1
711 28 1 0 1 1
712 23 1 1 1 1
713 27 1 0 1 1
714 31 1 0 1 0
715 7 1 1 1 1
716 6 1 1 1 1
717 20 1 0 1 1
718 16 1 1 1 1
719 21 1 1 1 1
720 8 1 1 1 1
721 23 1 0 1 1
722 19 1 1 1 1
723 30 1 1 1 0
724 14 1 1 1 1
725 10 1 1 1 1
726 18 1 1 1 1
727 28 1 0 1 0
728 11 1 1 1 1
729 16 1 1 1 1
730 24 1 1 1 0
731 2 0 1 1 1
732 14 1 1 0 1
733 6 1 1 1 1
734 17 1 1 1 1
735 26 1 1 1 1
736 28 1 1 1 1
737 3 1 1 1 1
738 13 1 1 1 1
739 0 0 1 0 1
740 5 0 1 0 1
741 7 1 1 0 1
742 18 1 1 1 1
743 15 1 1 1 1
744 16 1 1 1 1
745 4 0 1 1 1
746 3 0 1 0 1
747 17 1 1 1 1
748 0 0 1 0 1
749 5 1 1 0 1
750 30 1 0 1 0
751 14 1 1 1 1
752 11 1 1 1 1
753 29 1 0 1 1
754 13 1 1 1 1
755 0 0 1 1 1
756 5 0 1 1 1
757 22 1 1 1 1
758 6 0 1 0 1
759 24 1 1 1 1
760 23 1 0 1 1
761 31 1 1 1 0
762 30 1 0 1 0
763 11 1 1 1 1
764 5 0 1 1 1
765 9 1 1 1 1
766 29 1 0 1 0
767 7 1 1 0 1
768 19 1 1 1 1
769 21 1 1 1 1
770 28 1 0 1 1
771 14 1 1 0 1
772 8 0 1 1 1
773 2 0 1 0 1
774 16 1 1 1 1
775 4 0 1 1 1
776 15 1 1 0 1
777 17 1 1 1 1
778 31 1 0 1 0
779 0 0 1 0 1
780 13 1 1 1 1
781 14 1 1 0 1
782 16 1 1 1 1
783 7 1 1 1 1
784 30 1 0 1 0
785 8 1 1 1 1
786 1 0 1 1 1
787 5 1 1 1 1
788 15 1 1 1 1
789 28 1 1 1 0
790 12 1 1 1 1
791 31 1 0 1 0
792 0 0 1 1 1
793 14 1 1 1 1
794 18 1 1 1 1
795 20 1 1 1 1
796 22 1 1 1 1
797 29 1 0 1 1
798 21 1 1 1 1
799 3 0 1 1 1
800 28 1 0 1 1
801 19 1 1 1 1
802 15 1 1 1 1
803 9 1 1 1 1
804 0 1 1 0 1
805 29 1 0 1 0
806 30 1 0 1 0
807 28 1 0 1 0
808 2 0 1 0 1
809 8 1 1 0 1
810 27 1 0 1 1
811 13 1 1 1 1
812 11 1 1 0 1
813 1 0 1 0 1
814 20 1 1 1 0
815 10 1 1 0 1
816 26 1 0 1 1
817 12 1 1 1 0
818 7 1 1 1 1
819 9 1 1 1 1
820 3 1 1 0 1
821 6 1 1 1 1
822 29 1 1 1 0
823 13 1 1 1 1
824 2 0 1 0 1
825 28 1 0 1 0
826 25 1 1 1 1
827 11 1 1 1 1
828 8 1 1 1 1
829 21 1 1 1 1
830 23 1 1 1 0
831 10 1 1 0 1
832 15 1 1 1 1
833 14 0 1 1 1
834 24 1 0 1 1
835 29 1 0 1 0
836 5 0 1 1 1
837 31 1 0 1 0
838 20 1 1 1 0
839 2 0 1 0 1
840 21 1 1 1 1
841 14 1 1 1 1
842 12 1 1 1 1
843 24 1 0 1 0
844 3 0 1 1 1
845 26 1 1 1 0
846 9 1 1 0 1
847 15 1 1 1 1
848 27 1 1 1 1
849 24 1 1 1 1
850 14 1 1 0 1
851 12 1 1 1 1
852 2 0 1 0 1
853 4 0 1 1 1
854 5 0 1 1 1
855 15 1 1 1 1
856 30 1 0 1 0
857 3 1 1 0 1
858 10 1 1 0 1
859 28 1 0 1 0
860 27 1 0 1 1
861 31 1 0 1 0
862 17 1 1 1 1
863 6 1 1 1 1
864 26 1 0 1 0
865 5 1 1 1 1
866 14 1 1 1 1
867 13 1 1 1 1
868 1 0 1 1 1
869 10 1 1 0 1
870 20 1 1 1 1
871 31 1 0 1 0
872 18 1 1 1 1
873 9 0 1 1 1
874 1 0 1 0 1
875 5 0 1 0 1
876 29 1 1 1 0
877 26 1 0 1 1
878 7 1 1 0 1
879 16 1 1 1 1
880 14 1 1 1 1
881 8 1 1 1 1
882 27 1 1 1 1
883 11 1 1 1 1
884 2 0 1 1 1
885 26 1 1 1 0
886 23 1 0 1 1
887 4 1 1 1 1
888 30 1 0 1 1
889 16 1 1 1 1
890 29 1 0 1 0
891 3 0 1 0 1
892 25 1 1 1 0
893 4 0 1 0 1
894 15 1 1 1 1
895 17 1 1 1 1
896 5 1 1 0 1
897 14 1 1 1 1
898 27 1 0 1 1
899 31 1 0 1 1
900 0 0 1 0 1
901 10 1 1 1 1
902 26 1 0 1 1
903 16 1 0 1 1
904 11 1 1 1 1
905 28 1 0 1 1
906 30 1 1 1 1
907 2 0 1 1 1
908 3 1 1 0 1
909 22 1 1 1 1
910 19 1 1 1 1
911 13 1 1 1 1
912 21 1 1 1 0
913 14 1 1 1 1
914 4 1 1 0 1
915 17 1 1 1 1
916 18 1 1 1 1
917 23 1 0 1 1
918 12 1 1 1 1
919 3 0 1 1 1
920 31 1 0 1 0
921 19 1 1 1 1
922 20 1 1 1 1
923 8 1 1 1 1
924 13 1 1 1 1
925 9 1 1 1 1
926 18 1 1 1 1
927 12 1 1 1 1
928 7 1 1 0 1
929 24 1 1 1 1
930 3 0 1 0 1
931 15 1 1 1 1
932 10 1 1 1 1
933 14 1 1 1 1
934 27 1 1 1 0
935 11 1 1 1 1
936 16 1 1 1 1
937 12 0 1 1 0
938 2 1 1 0 1
939 21 1 1 1 0
940 0 0 1 0 1
941 23 1 1 1 1
942 25 1 1 1 1
943 31 1 0 1 0
944 17 1 1 1 1
945 20 1 1 1 1
946 28 1 1 1 0
947 24 1 1 1 1
948 3 0 1 0 1
949 16 1 1 1 1
950 13 1 1 1 1
951 15 1 1 1 1
952 5 1 1 1 1
953 9 1 1 1 1
954 4 1 1 1 1
955 19 1 1 1 1
956 31 1 0 1 0
957 11 1 1 1 1
958 7 0 1 1 1
959 23 1 1 1 1
960 24 1 0 1 1
961 25 1 1 1 1
962 13 1 1 1 1
963 10 0 1 1 1
964 16 1 1 1 1
965 22 1 1 1 1
966 12 1 1 1 1
967 31 1 0 1 0
968 2 0 1 0 1
969 6 1 1 0 1
970 24 1 1 1 0
971 10 1 1 1 1
972 11 1 1 0 1
973 30 1 0 1 1
974 17 1 1 1 0
975 18 1 1 1 1
976 8 1 1 1 1
977 15 1 1 1 1
978 31 1 1 1 1
979 28 1 0 1 0
980 20 1 0 1 1
981 26 1 0 1 1
982 3 1 1 0 1
983 19 1 1 1 1
984 9 0 1 0 1
985 25 1 1 1 0
986 29 1 0 1 0
987 1 1 1 0 1
988 28 1 0 1 0
989 0 0 1 0 1
990 15 1 1 1 1
991 13 1 1 1 1
992 31 1 0 1 0
993 7 0 1 1 1
994 26 1 1 1 0
995 28 1 0 1 0
996 14 1 1 0 1
997 4 1 1 1 1
998 29 1 0 1 0
999 2 1 1 0 1
1000 16 1 1 1 1
1001 6 1 1 0 1
1002 12 1 1 1 1
1003 19 1 1 1 1
1004 31 1 0 1 0
1005 29 1 1 1 0
1006 2 0 1 0 1
1007 15 1 1 1 1
1008 24 1 1 1 1
1009 20 1 1 1 1
1010 13 0 1 1 1
1011 1 0 1 0 1
1012 18 1 1 1 1
1013 16 1 1 0 1
1014 14 1 1 0 1
1015 24 1 0 1 0
1016 8 1 1 1 1
1017 6 1 1 1 1
1018 27 1 1 1 1
1019 23 1 0 1 1
1020 5 0 1 0 1
1021 31 1 0 1 0
1022 15 1 1 1 1
1023 28 1 0 1 0
1024 11 1 1 1 1
1025 14 1 1 1 1
1026 21 1 1 1 1
1027 9 1 1 1 1
1028 7 0 1 1 1
1029 5 1 1 1 1
1030 4 1 1 0 1
1031 23 1 1 1 1
1032 10 1 1 1 0
1033 27 1 0 1 1
1034 15 1 1 0 1
1035 16 1 1 1 1
1036 30 1 0 1 1
1037 28 1 0 1 0
1038 14 1 0 1 1
1039 21 1 0 0 1
1040 24 1 1 1 0
1041 7 0 1 1 1
1042 25 1 1 1 0
1043 13 1 1 1 1
1044 18 1 1 1 1
1045 22 1 1 1 1
1046 17 1 1 1 1
1047 16 1 1 1 1
1048 27 1 1 1 1
1049 6 0 1 0 1
1050 0 0 1 0 1
1051 21 1 1 1 1
1052 14 1 1 1 1
1053 12 0 1 1 1
1054 28 1 0 1 0
1055 1 0 1 0 1
1056 18 1 1 1 1
1057 7 1 1 1 1
1058 3 0 1 0 1
1059 25 1 1 1 1
1060 16 1 0 1 1
1061 4 0 1 0 1
1062 24 1 0 1 0
1063 8 0 1 1 1
1064 28 1 0 1 0
1065 30 1 1 1 1
1066 13 1 1 1 0
1067 26 1 0 1 0
1068 23 1 1 1 0
1069 4 1 1 1 1
1070 19 1 0 1 1
1071 29 1 0 1 0
1072 15 1 1 1 1
1073 14 1 1 1 1
1074 9 1 1 1 1
1075 10 1 1 1 1
1076 20 1 0 1 0
1077 31 1 0 1 0
1078 29 1 0 1 0
1079 3 1 1 1 1
1080 22 1 1 1 1
1081 11 1 1 1 1
1082 7 1 1 1 1
1083 24 1 0 1 1
1084 15 1 1 1 1
1085 25 1 0 1 0
1086 5 1 1 1 1
1087 4 0 1 1 1
1088 17 1 1 1 0
1089 0 0 1 0 1
1090 29 1 0 1 0
1091 27 1 0 1 1
1092 2 0 1 1 1
1093 25 1 1 1 1
1094 4 1 1 0 1
1095 1 0 1 0 1
1096 11 1 1 1 1
1097 13 1 1 1 1
1098 5 0 1 1 1
1099 27 1 1 1 0
1100 31 1 0 1 0
1101 9 1 1 0 1
1102 23 1 0 1 1
1103 17 1 1 1 1
1104 7 0 1 1 1
1105 0 0 1 0 1
1106 16 1 1 1 1
1107 24 1 1 1 0
1108 31 1 0 1 0
1109 2 0 1 0 1
1110 29 1 1 1 1
1111 13 0 1 1 0
1112 30 1 0 1 1
1113 14 1 1 1 0
1114 24 1 0 1 0
1115 11 1 1 1 0
1116 17 1 1 1 1
1117 29 1 0 1 0
1118 16 1 1 1 1
1119 0 0 1 1 1
1120 19 1 1 1 1
1121 1 0 1 0 1
1122 21 1 1 1 1
1123 13 1 1 1 1
1124 4 1 1 1 1
1125 24 1 1 1 0
1126 9 1 1 0 1
1127 28 1 1 1 0
1128 8 1 1 0 1
1129 0 0 1 0 1
1130 4 0 1 0 1
1131 29 1 0 1 0
1132 5 1 1 1 1
1133 24 1 0 1 0
1134 31 1 0 1 0
1135 7 1 1 0 1
1136 1 0 1 0 1
1137 6 0 1 0 1
1138 15 1 1 1 1
1139 21 1 1 1 1
1140 14 1 1 1 1
1141 23 1 0 1 1
1142 13 1 1 1 1
1143 1 0 1 1 1
1144 29 1 0 1 0
1145 30 1 0 1 1
1146 8 1 1 1 1
1147 15 1 1 1 1
1148 22 1 1 1 1
1149 21 1 1 1 1
1150 26 1 0 1 1
1151 6 1 1 0 1
1152 13 1 1 1 1
1153 19 1 1 1 1
1154 14 1 1 1 1
1155 4 1 1 0 1
1156 9 1 1 1 1
1157 7 0 1 1 1
1158 29 1 0 1 1
1159 15 1 1 1 1
1160 28 1 1 1 1
1161 5 0 1 1 1
1162 11 0 1 1 1
1163 24 1 1 1 1
1164 23 1 1 1 0
1165 26 1 0 1 1
1166 22 1 0 1 0
1167 17 1 1 1 1
1168 8 1 1 1 1
1169 25 1 1 1 0
1170 2 1 1 0 1
1171 29 1 0 1 0
1172 3 0 1 0 1
1173 16 1 1 1 0
1174 31 1 0 1 0
1175 7 1 1 0 1
1176 5 1 1 1 1
1177 12 1 1 1 1
1178 1 0 1 0 1
1179 13 0 1 1 1
1180 10 1 1 1 1
1181 9 1 1 1 1
1182 14 1 1 1 1
1183 15 1 1 1 0
1184 20 1 1 1 0
1185 7 0 1 0 1
1186 2 0 1 0 1
1187 31 1 0 1 1
1188 0 0 1 0 1
1189 30 1 0 1 0
1190 13 1 1 1 0
1191 25 1 0 1 1
1192 21 1 1 1 1
1193 29 1 0 1 0
1194 26 1 1 1 0
1195 18 1 1 1 1
1196 28 1 1 1 0
1197 2 0 1 0 1
1198 22 1 1 1 1
1199 1 0 1 0 1
